0 1 300 -1
1 4 350 -1
2 2 230 -1
3 2 400 -1
4 3 200 -1
5 2 300 -1
6 4 333 -1
7 2 222 -1
8 1 1000 -1
9 1 750 -1
10 2 300 -1
11 3 125 -1
12 2 200 -1
13 1 250 -1
14 2 300 -1
15 1 600 -1
16 4 320 -1
17 5 420 -1
18 2 222 -1
19 3 1111 -1
20 2 300 -1
21 3 125 -1
22 2 200 -1
23 1 250 -1
24 2 300 -1
25 1 600 2
26 4 320 -1
27 5 420 -1
28 2 222 -1
29 3 1111 -1
30 1 300 -1
31 3 445 -1
32 2 245 -1
33 3 324 -1
34 2 253 -1
35 5 365 -1
36 2 352 -1
37 3 425 -1
38 2 435 -1
39 1 135 -1
40 1 200 -1
41 3 435 -1
42 2 300 -1
43 3 300 -1
44 2 400 -1
45 5 200 -1
46 2 400 -1
47 3 300 -1
48 2 500 -1
49 1 200 -1
50 1 300 -1
51 2 500 -1
52 2 300 -1
53 2 350 -1
54 2 400 -1
55 5 230 -1
56 3 250 -1
57 3 200 -1
58 2 300 -1
59 3 250 -1
